intrinsics:
  fx: 418.1553039550781 # pixels
  fy: 418.1553039550781 # pixels
  cx: 423.7914733886719
  cy: 239.63929748535156
