intrinsics:
  fx: 637.2805786132812 # pixels
  fy: 635.815185546875 # pixels
  cx: 625.6758422851562
  cy: 373.4616394042969
